browser position chr5:562999-565400
browser hide all
browser pack refGene encodeRegions
browser full altGraph
# 300 base wide bar graph, ausoScale is on by default == graphing
# limits will dynamically change to always show full range of data
# in viewing window, priority = 20 position this as the second graph
# Note, zero-relative, half-open coordinate system in use for bedGraph format
track type=bedGraph name='NEAT1 TTS (2)' description='15-40' visibility=full color=200,100,0 altColor=0,100,200 priority=20
chr5	562997	563039	1
chr5	563039	563041	2
chr5	563041	563045	1
chr5	563045	563079	2
chr5	563079	563095	1
chr5	563095	563125	0
chr5	563125	563135	1
chr5	563135	563165	2
chr5	563165	563168	1
chr5	563168	563181	2
chr5	563181	563208	1
chr5	563208	563255	0
chr5	563255	563265	1
chr5	563265	563295	2
chr5	563295	563311	1
chr5	563311	563341	0
chr5	563341	563343	1
chr5	563343	563347	2
chr5	563347	563381	3
chr5	563381	563384	2
chr5	563384	563386	3
chr5	563386	563390	2
chr5	563390	563397	3
chr5	563397	563424	2
chr5	563424	563440	1
chr5	563440	563470	0
chr5	563470	563488	1
chr5	563488	563510	2
chr5	563510	563513	1
chr5	563513	563515	2
chr5	563515	563519	3
chr5	563519	563528	4
chr5	563528	563553	3
chr5	563553	563556	2
chr5	563556	563558	3
chr5	563558	563562	2
chr5	563562	563569	3
chr5	563569	563596	2
chr5	563596	563599	1
chr5	563599	563609	2
chr5	563609	563612	3
chr5	563612	563618	2
chr5	563618	563639	3
chr5	563639	563642	2
chr5	563642	563645	3
chr5	563645	563655	4
chr5	563655	563658	3
chr5	563658	563682	2
chr5	563682	563685	1
chr5	563685	563695	2
chr5	563695	563698	3
chr5	563698	563725	2
chr5	563725	563728	1
chr5	563728	563738	2
chr5	563738	563741	3
chr5	563741	563747	2
chr5	563747	563768	3
chr5	563768	563771	2
chr5	563771	563774	3
chr5	563774	563784	4
chr5	563784	563787	3
chr5	563787	563811	2
chr5	563811	563814	1
chr5	563814	563824	2
chr5	563824	563827	3
chr5	563827	563833	2
chr5	563833	563854	3
chr5	563854	563860	2
chr5	563860	563870	3
chr5	563870	563879	2
chr5	563879	563900	1
chr5	563900	563903	2
chr5	563903	563913	3
chr5	563913	563940	2
chr5	563940	563943	1
chr5	563943	563953	2
chr5	563953	563956	3
chr5	563956	563983	2
chr5	563983	563986	1
chr5	563986	563996	2
chr5	563996	563999	3
chr5	563999	564026	2
chr5	564026	564029	1
chr5	564029	564039	2
chr5	564039	564042	3
chr5	564042	564069	2
chr5	564069	564072	1
chr5	564072	564082	2
chr5	564082	564085	3
chr5	564085	564112	2
chr5	564112	564115	1
chr5	564115	564125	2
chr5	564125	564128	3
chr5	564128	564134	2
chr5	564134	564155	3
chr5	564155	564158	2
chr5	564158	564161	3
chr5	564161	564171	4
chr5	564171	564174	3
chr5	564174	564177	2
chr5	564177	564198	3
chr5	564198	564204	2
chr5	564204	564214	3
chr5	564214	564223	2
chr5	564223	564244	1
chr5	564244	564247	2
chr5	564247	564257	3
chr5	564257	564284	2
chr5	564284	564287	1
chr5	564287	564292	2
chr5	564292	564297	1
chr5	564297	564306	2
chr5	564306	564327	3
chr5	564327	564330	2
chr5	564330	564333	3
chr5	564333	564343	4
chr5	564343	564346	3
chr5	564346	564370	2
chr5	564370	564373	1
chr5	564373	564383	2
chr5	564383	564386	3
chr5	564386	564392	2
chr5	564392	564413	3
chr5	564413	564416	2
chr5	564416	564419	3
chr5	564419	564429	4
chr5	564429	564432	3
chr5	564432	564456	2
chr5	564456	564459	1
chr5	564459	564469	2
chr5	564469	564472	3
chr5	564472	564478	2
chr5	564478	564499	3
chr5	564499	564502	2
chr5	564502	564505	3
chr5	564505	564515	4
chr5	564515	564518	3
chr5	564518	564542	2
chr5	564542	564545	1
chr5	564545	564555	2
chr5	564555	564558	3
chr5	564558	564564	2
chr5	564564	564585	3
chr5	564585	564588	2
chr5	564588	564591	3
chr5	564591	564601	4
chr5	564601	564604	3
chr5	564604	564607	2
chr5	564607	564628	3
chr5	564628	564631	2
chr5	564631	564634	3
chr5	564634	564644	4
chr5	564644	564647	3
chr5	564647	564649	2
chr5	564649	564650	3
chr5	564650	564671	4
chr5	564671	564674	3
chr5	564674	564677	4
chr5	564677	564687	5
chr5	564687	564689	4
chr5	564689	564690	3
chr5	564690	564692	2
chr5	564692	564693	3
chr5	564693	564714	4
chr5	564714	564717	3
chr5	564717	564720	4
chr5	564720	564727	5
chr5	564727	564730	6
chr5	564730	564732	5
chr5	564732	564733	4
chr5	564733	564757	3
chr5	564757	564760	2
chr5	564760	564766	3
chr5	564766	564773	4
chr5	564773	564775	3
chr5	564775	564800	2
chr5	564800	564803	1
chr5	564803	564816	2
chr5	564816	564843	1
chr5	564843	564846	0
chr5	564846	564886	1
chr5	564886	564889	0
chr5	564889	564899	1
chr5	564899	564929	2
chr5	564929	564932	1
chr5	564932	564942	2
chr5	564942	564945	3
chr5	564945	564972	2
chr5	564972	564975	1
chr5	564975	564985	2
chr5	564985	564988	3
chr5	564988	565015	2
chr5	565015	565018	1
chr5	565018	565028	2
chr5	565028	565031	3
chr5	565031	565058	2
chr5	565058	565072	1
chr5	565072	565074	2
chr5	565074	565075	1
chr5	565075	565111	2
chr5	565111	565117	3
chr5	565117	565121	2
chr5	565121	565124	1
chr5	565124	565142	3
chr5	565142	565149	4
chr5	565149	565151	6
chr5	565151	565161	7
chr5	565161	565169	6
chr5	565169	565188	4
chr5	565188	565193	3
chr5	565193	565194	1
chr5	565194	565196	2
chr5	565196	565236	1
chr5	565236	565237	3
chr5	565237	565254	2
chr5	565254	565276	3
chr5	565276	565279	4
chr5	565279	565280	6
chr5	565280	565284	4
chr5	565284	565299	5
chr5	565299	565318	4
chr5	565318	565323	3
chr5	565323	565332	1
chr5	565332	565334	2
chr5	565334	565380	1
chr5	565380	565381	1
chr5	563025	563095	1
chr5	563095	563131	0
chr5	563131	563216	1
chr5	563216	563247	0
chr5	563247	563311	1
chr5	563311	563355	0
chr5	563355	563437	1
chr5	563437	563527	0
chr5	563527	563543	1
chr5	563543	563605	3
chr5	563605	563609	4
chr5	563609	563612	3
chr5	563612	563640	2
chr5	563640	563672	1
chr5	563672	563690	2
chr5	563690	563691	1
chr5	563691	563734	2
chr5	563734	563741	3
chr5	563741	563743	2
chr5	563743	563773	3
chr5	563773	563801	2
chr5	563801	563819	3
chr5	563819	563828	2
chr5	563828	563887	1
chr5	563887	563893	2
chr5	563893	563895	3
chr5	563895	563930	2
chr5	563930	563949	3
chr5	563949	563973	4
chr5	563973	563984	5
chr5	563984	563991	4
chr5	563991	563992	3
chr5	563992	563999	4
chr5	563999	564016	3
chr5	564016	564034	4
chr5	564034	564035	3
chr5	564035	564042	4
chr5	564042	564077	3
chr5	564077	564078	2
chr5	564078	564085	3
chr5	564085	564145	2
chr5	564145	564160	3
chr5	564160	564194	2
chr5	564194	564201	3
chr5	564201	564231	2
chr5	564231	564239	3
chr5	564239	564292	2
chr5	564292	564293	1
chr5	564293	564302	2
chr5	564302	564317	3
chr5	564317	564328	4
chr5	564328	564378	3
chr5	564378	564379	2
chr5	564379	564383	3
chr5	564383	564386	2
chr5	564386	564403	1
chr5	564403	564464	2
chr5	564464	564465	1
chr5	564465	564472	2
chr5	564472	564489	1
chr5	564489	564550	2
chr5	564550	564558	1
chr5	564558	564667	0
chr5	564667	564747	1
chr5	564747	564753	2
chr5	564753	564762	3
chr5	564762	564774	2
chr5	564774	564809	3
chr5	564809	564844	4
chr5	564844	564851	3
chr5	564851	564852	2
chr5	564852	564856	3
chr5	564856	564894	2
chr5	564894	564895	1
chr5	564895	564904	2
chr5	564904	564937	3
chr5	564937	564938	2
chr5	564938	564947	3
chr5	564947	564980	4
chr5	564980	565023	3
chr5	565023	565032	2
chr5	565032	565048	1
chr5	565048	565075	2
chr5	565075	565094	1
chr5	565094	565119	2
chr5	565119	565120	1
chr5	565120	565135	2
chr5	565135	565196	3
chr5	565196	565197	2
chr5	565197	565201	3
chr5	565201	565233	2
chr5	565233	565249	1
chr5	565249	565265	3
chr5	565265	565280	4
chr5	565280	565308	3
chr5	565308	565331	4
chr5	565331	565363	2
chr5	565363	565378	1
chr5	565378	565379	1
