browser position chr5:853049-855650
browser hide all
browser pack refGene encodeRegions
browser full altGraph
# 300 base wide bar graph, ausoScale is on by default == graphing
# limits will dynamically change to always show full range of data
# in viewing window, priority = 20 position this as the second graph
# Note, zero-relative, half-open coordinate system in use for bedGraph format
track type=bedGraph name='NEAT1 TTS (2)' description='15-40' visibility=full color=200,100,0 altColor=0,100,200 priority=20
chr5	853130	853212	1
chr5	853212	853223	0
chr5	853223	853282	1
chr5	853282	853295	2
chr5	853295	853305	3
chr5	853305	853330	2
chr5	853330	853335	1
chr5	853335	853342	2
chr5	853342	853344	1
chr5	853344	853355	2
chr5	853355	853373	4
chr5	853373	853383	5
chr5	853383	853391	4
chr5	853391	853403	3
chr5	853403	853411	2
chr5	853411	853416	3
chr5	853416	853419	2
chr5	853419	853451	1
chr5	853451	853454	2
chr5	853454	853460	3
chr5	853460	853463	4
chr5	853463	853496	3
chr5	853496	853502	4
chr5	853502	853508	3
chr5	853508	853528	2
chr5	853528	853544	1
chr5	853544	853547	2
chr5	853547	853548	3
chr5	853548	853549	4
chr5	853549	853592	3
chr5	853592	853596	2
chr5	853596	853612	3
chr5	853612	853649	2
chr5	853649	853656	1
chr5	853656	853667	0
chr5	853667	853720	1
chr5	853720	853803	0
chr5	853803	853804	1
chr5	853804	853835	2
chr5	853835	853848	3
chr5	853848	853864	2
chr5	853864	853867	3
chr5	853867	853868	4
chr5	853868	853900	3
chr5	853900	853904	2
chr5	853904	853912	3
chr5	853912	853917	2
chr5	853917	853931	1
chr5	853931	853934	2
chr5	853934	853935	3
chr5	853935	853976	4
chr5	853976	853983	3
chr5	853983	854015	2
chr5	854015	854016	3
chr5	854016	854018	2
chr5	854018	854037	1
chr5	854037	854051	2
chr5	854051	854060	3
chr5	854060	854063	4
chr5	854063	854104	3
chr5	854104	854118	2
chr5	854118	854144	3
chr5	854144	854170	4
chr5	854170	854187	2
chr5	854187	854190	1
chr5	854190	854258	0
chr5	854258	854276	1
chr5	854276	854285	2
chr5	854285	854313	3
chr5	854313	854319	4
chr5	854319	854324	3
chr5	854324	854351	2
chr5	854351	854360	1
chr5	854360	854406	0
chr5	854406	854416	1
chr5	854416	854458	2
chr5	854458	854480	1
chr5	854480	854512	0
chr5	854512	854563	1
chr5	854563	854571	0
chr5	854571	854575	1
chr5	854575	854584	2
chr5	854584	854619	3
chr5	854619	854620	2
chr5	854620	854632	1
chr5	854632	854634	0
chr5	854634	854691	1
chr5	854691	854714	0
chr5	854714	854757	1
chr5	854757	854786	2
chr5	854786	854805	3
chr5	854805	854821	2
chr5	854821	854834	3
chr5	854834	854844	2
chr5	854844	854847	3
chr5	854847	854864	2
chr5	854864	854892	1
chr5	854892	854935	0
chr5	854935	854962	1
chr5	854962	854963	2
chr5	854963	854993	3
chr5	854993	854996	4
chr5	854996	855008	3
chr5	855008	855022	2
chr5	855022	855046	3
chr5	855046	855053	2
chr5	855053	855060	3
chr5	855060	855070	4
chr5	855070	855077	3
chr5	855077	855078	4
chr5	855078	855085	5
chr5	855085	855092	6
chr5	855092	855101	5
chr5	855101	855106	4
chr5	855106	855121	5
chr5	855121	855124	4
chr5	855124	855125	3
chr5	855125	855126	2
chr5	855126	855131	3
chr5	855131	855158	2
chr5	855158	855174	1
chr5	855174	855266	0
chr5	855266	855285	1
chr5	855285	855318	2
chr5	855318	855343	1
chr5	855343	855349	2
chr5	855349	855350	3
chr5	855350	855377	2
chr5	855377	855391	3
chr5	855391	855395	2
chr5	855395	855415	1
chr5	855415	855430	2
chr5	855430	855444	1
chr5	855444	855465	2
chr5	855465	855473	3
chr5	855473	855480	4
chr5	855480	855481	5
chr5	855481	855492	4
chr5	855492	855507	3
chr5	855507	855511	4
chr5	855511	855513	5
chr5	855513	855521	4
chr5	855521	855525	3
chr5	855525	855553	2
chr5	855553	855554	1
chr5	855554	855568	0
chr5	855568	855598	1
chr5	855598	855621	2
chr5	855621	855645	1
chr5	855645	855646	1
chr5	853063	853116	1
chr5	853116	853145	0
chr5	853145	853146	2
chr5	853146	853161	4
chr5	853161	853186	5
chr5	853186	853199	4
chr5	853199	853200	3
chr5	853200	853218	1
chr5	853218	853227	0
chr5	853227	853278	1
chr5	853278	853291	0
chr5	853291	853337	1
chr5	853337	853345	2
chr5	853345	853378	1
chr5	853378	853450	0
chr5	853450	853460	1
chr5	853460	853466	2
chr5	853466	853467	3
chr5	853467	853504	4
chr5	853504	853521	3
chr5	853521	853522	2
chr5	853522	853545	1
chr5	853545	853642	0
chr5	853642	853674	1
chr5	853674	853682	2
chr5	853682	853689	3
chr5	853689	853690	2
chr5	853690	853691	4
chr5	853691	853702	6
chr5	853702	853721	7
chr5	853721	853723	6
chr5	853723	853745	7
chr5	853745	853746	5
chr5	853746	853748	2
chr5	853748	853780	1
chr5	853780	853962	0
chr5	853962	854013	1
chr5	854013	854026	0
chr5	854026	854080	1
chr5	854080	854092	0
chr5	854092	854145	1
chr5	854145	854333	0
chr5	854333	854334	1
chr5	854334	854365	2
chr5	854365	854381	3
chr5	854381	854388	4
chr5	854388	854389	3
chr5	854389	854406	2
chr5	854406	854408	1
chr5	854408	854429	2
chr5	854429	854446	1
chr5	854446	854461	2
chr5	854461	854493	1
chr5	854493	854494	0
chr5	854494	854495	1
chr5	854495	854549	4
chr5	854549	854550	3
chr5	854550	854552	1
chr5	854552	854575	0
chr5	854575	854610	1
chr5	854610	854624	2
chr5	854624	854626	3
chr5	854626	854639	2
chr5	854639	854659	3
chr5	854659	854675	2
chr5	854675	854686	1
chr5	854686	854703	0
chr5	854703	854757	1
chr5	854757	854956	0
chr5	854956	855009	1
chr5	855009	855217	0
chr5	855217	855229	1
chr5	855229	855235	2
chr5	855235	855236	5
chr5	855236	855245	8
chr5	855245	855252	9
chr5	855252	855261	10
chr5	855261	855262	11
chr5	855262	855266	12
chr5	855266	855267	11
chr5	855267	855268	12
chr5	855268	855276	13
chr5	855276	855290	12
chr5	855290	855291	10
chr5	855291	855293	8
chr5	855293	855295	6
chr5	855295	855309	5
chr5	855309	855313	4
chr5	855313	855316	3
chr5	855316	855317	2
chr5	855317	855319	1
chr5	855319	855365	0
chr5	855365	855397	1
chr5	855397	855406	2
chr5	855406	855441	1
chr5	855441	855442	1
